Threads: 4.528559684753418 seconds
Processes: 3.33500337600708 seconds
